x	y
-0.399938	0.968381
-0.696777	0.795812
-1.11894	0.731251
-1.03871	0.798329
-0.497989	0.623772
-0.45817	0.326928
-0.603574	0.694176
-0.999506	0.608284
-0.983825	0.181487
-1.10772	-0.262106
-0.930307	-0.45649
-0.62415	-0.525345
-0.762606	-0.699247
-0.57687	-0.88556
-0.654316	-0.650077
-0.33109	-1.03741
-1.07432	-0.748867
-0.208708	-1.00868
-0.493157	-0.740876
-1.13112	0.404712
0.159261	-1.2514
0.501593	-1.12867
0.370503	-0.668598
0.83455	-1.1843
0.635592	-0.370612
0.568183	-0.170616
0.773373	0.0854855
0.660109	0.457476
0.359531	0.622581
0.789018	0.44099
0.928149	0.50134
0.173279	0.926341
0.84462	0.250031
0.644031	0.477344
1.04079	0.158262
0.721823	-0.275266
1.12428	0.359295
0.353024	-0.654922
-0.746475	-0.33163
0.867456	0.365052
-0.815546	0.645976
-0.788522	-0.157459
0.709662	0.166219
-0.852246	0.538771
-0.790274	0.697131
0.149654	-0.96631
-0.43232	-0.845153
-0.474955	-0.890621
0.0858135	0.495855
-1.26201	-0.763002
0.0900262	-0.794663
-0.789142	-0.558156
0.0628381	0.834465
0.653539	-0.0532354
0.782559	-0.309197
1.16578	0.00766377
-0.796281	0.911118
-0.232443	0.472549
-0.711667	-1.06057
0.439964	-1.33171
-0.701383	0.120137
-0.249993	-0.582588
-0.663838	0.986107
-0.210502	0.94589
-0.977906	-0.461629
0.747714	-0.748196
0.616012	1.00873
-0.14993	-0.814045
-0.0537273	0.990836
0.623618	-0.798937
0.736411	-0.112202
0.879868	0.142076
-0.542388	0.919077
-1.17367	-0.580997
0.247819	-1.21556
0.4976	0.588813
-0.600398	0.747606
-0.749763	-0.752867
0.966177	0.850648
-1.1118	-0.566418
0.278824	-1.60105
0.806913	0.39479
0.565328	0.673657
0.363438	-0.914117
-0.776093	-0.689546
-0.59589	-0.620493
-0.963506	0.686918
-0.805832	-0.406844
-0.84665	0.224699
1.17323	-0.0303692
-0.925868	0.150408
-0.608753	-0.871796
0.282104	-0.613653
0.626033	-0.298831
-1.12613	-1.01701
-0.596628	-0.504555
-1.3662	1.11049
-1.16369	-0.860566
-0.799243	1.01568
-0.102752	-0.913176
1.16915	0.188221
-0.943397	0.497467
0.0211972	0.953992
-0.172362	1.14288
1.21884	-0.154128
0.196591	0.581282
-1.15417	0.732049
-0.686947	0.673822
0.19521	1.22295
-0.576532	0.133179
-0.548887	0.752504
-0.055384	0.890369
-0.838582	-0.412092
-0.356748	-0.344813
0.224994	-0.795935
-0.490831	0.0838655
-1.05362	0.096777
0.828217	0.600371
1.03103	0.497052
-0.233127	-0.626524
0.0393439	-0.856374
0.852147	-0.240983
-0.962138	0.449244
-0.162054	-1.08895
-0.384628	0.981578
0.469402	-0.51906
-1.13464	-0.0256487
1.16618	-0.481171
0.0168498	-0.983348
1.20501	0.237939
-0.937265	-0.535009
1.08895	-0.128405
0.422229	0.117217
0.33206	1.28949
1.1957	-0.201615
-1.30404	0.100431
1.0029	0.280317
-0.519308	0.587467
0.0512292	-1.11334
-1.04493	0.0581116
1.32345	0.406274
-0.266343	1.06205
-0.018003	-0.727345
0.631829	-0.0829186
0.0995356	0.685515
0.554654	1.21557
-0.0438142	-0.846326
0.597717	-0.82925
0.161118	0.944958
0.0605714	0.577886
-0.828645	0.0344213
-0.20987	1.27879
0.646935	-0.928007
-0.846294	0.948809
0.480324	-1.13688
0.614029	1.00081
1.02916	-0.0382524
0.256567	0.914582
0.83414	0.0444911
1.1561	0.131704
-0.600265	-1.24512
-0.471574	-0.645098
-1.10349	-0.261118
0.707235	-0.0731678
0.187132	0.198485
-0.998353	0.0409525
0.679125	-0.333196
-0.694416	0.560623
0.741082	-0.496764
1.09013	-0.44219
0.240726	-0.736906
-0.59064	0.658305
0.911768	0.527544
0.835601	-0.344858
-0.411097	-0.391569
0.478272	-1.3435
0.655892	0.781628
-0.796859	-0.616875
0.734869	-0.876285
0.269214	-1.36051
-0.214104	0.673331
1.54469	-0.298803
0.569993	1.14735
-0.657111	0.950437
0.11596	-0.909009
1.08808	0.321687
1.18087	-0.362812
1.01717	1.11636
0.540971	-1.05758
-0.400901	-0.415087
-0.681363	0.224812
-1.21285	0.0383393
-0.852231	0.579183
0.0628842	1.19359
-0.766512	-0.507137
0.75536	0.369173
0.0616245	0.566005
1.36134	-0.285692
-0.331603	0.332606
0.346573	-1.00065
0.483094	0.852982
-0.792025	-0.38248
-0.184315	1.16779
0.971772	-0.2616
1.3544	0.289428
-0.98278	-0.727672
0.714517	-0.212905
0.597324	0.0707255
-0.313278	-0.444031
-1.06959	-0.271202
0.280062	0.8764
-0.841874	0.133076
-0.650213	1.04016
0.258185	0.260982
1.26366	-0.220034
0.640692	0.0856834
-0.259805	-0.680865
-0.515427	-0.51423
0.0820731	-0.948976
-0.896885	-1.01231
0.75734	0.815723
0.561935	0.712541
0.663884	-0.543584
-0.606209	0.444421
-0.597148	0.501653
0.134766	1.5145
-0.439734	-1.00443
0.890775	-0.138879
-0.747206	-0.255987
-0.600901	0.0925076
0.784663	-0.968421
0.0995526	1.19544
0.831019	0.480312
0.810916	0.709385
-0.2928	-0.356024
-0.140969	1.27531
0.884508	0.238673
0.790997	0.234111
0.436285	0.949459
1.06593	-0.12038
-0.427389	0.805455
0.0574251	-0.738053
0.718917	-0.685132
1.08125	0.0157598
-0.26086	1.01052
0.788504	0.604599
-0.914117	-0.735845
0.652518	-0.853038
0.209097	-1.09956
-1.1205	-0.621995
-0.531843	1.24453
0.331492	0.544981
0.707978	0.328604
-0.611434	-0.0767985
0.770794	0.686629
0.108849	-1.04773
-0.769263	-0.98149
0.62608	0.838217
-1.14907	-0.740963
0.0954739	1.21167
-1.29354	-0.682864
-0.401401	1.12205
0.887609	0.340566
-1.16946	0.338713
-0.558569	-0.167328
-0.677301	-0.816363
-0.413596	0.849283
0.685204	0.835392
-0.416173	0.8762
-1.09438	-0.449068
-0.577983	0.660623
0.642102	0.846469
1.0766	0.612406
-0.43384	-0.549065
-0.746068	0.46116
-0.231386	-1.11245
1.24388	0.382059
-0.16507	-1.22837
0.348283	-0.667944
0.77971	-0.140146
-0.273834	-0.389381
0.37384	-1.22285
0.406265	-0.649939
-0.776346	-0.369431
-0.680335	-0.326359
-0.313892	1.08798
0.90897	-0.621013
-0.671727	-0.832821
1.08724	-0.166842
-0.0826336	1.08936
-1.13596	0.493334
-0.980253	-0.243139
1.20273	0.703806
0.632768	-0.181421
0.688568	0.306708
-0.730978	0.268323
0.677068	-1.04253
-0.165667	-0.643088
0.763668	-0.241187
0.772478	0.165779
0.786451	0.0514942
0.85602	0.586681
-0.621163	0.040004
-0.209284	-1.13834
-0.591169	0.150493
0.0359112	-1.0947
0.422363	-0.628411
-0.377473	1.08564
-0.213331	1.06224
-1.10092	0.326517
0.638473	-0.432034
0.667832	0.439168
-0.55118	0.815237
-0.568575	-0.713144
0.753259	0.887513
-0.496992	-0.553388
0.393289	-0.635297
1.14118	0.550031
-0.795666	-1.29819
-0.528763	0.16144
-0.0113355	0.740766
-1.15235	-0.471283
-0.60376	0.401422
-0.0840359	0.919717
0.5607	1.16029
0.912696	-0.111843
0.414794	-0.68698
0.955834	1.07529
0.131304	0.95181
0.767391	0.416946
-0.755382	-1.05235
-1.049	-0.31354
-0.114014	0.846962
0.457975	-0.766485
0.311268	0.220542
-0.939904	0.149684
0.644702	0.0562637
0.97253	0.575059
-0.400096	-0.806803
1.12451	-0.472628
-1.09426	-0.102215
0.574687	0.57687
0.571547	0.244545
0.899254	0.423613
-0.220674	-0.974816
-1.08128	0.221797
0.194254	-0.85281
0.402644	0.85291
0.345251	1.04499
-1.00593	-0.310501
0.2276	-0.844565
1.20521	0.433945
0.715868	-0.201245
-1.08359	0.718174
0.116093	-1.02669
-0.0287008	1.11581
1.35642	0.240635
1.33236	0.54764
0.0478456	0.963819
-1.29811	-0.134256
-0.443569	1.22467
-0.434046	0.864467
-0.815299	-0.137906
-1.41126	-0.204006
-0.42969	1.09093
-0.541166	0.0427694
0.361113	0.898217
0.78385	1.18812
0.763553	-0.0471193
-0.107542	1.18984
-1.15713	-0.86501
0.969853	-0.312184
0.162719	-0.72855
1.27986	0.423621
0.183265	-1.09264
1.41562	0.504204
-0.667848	0.106374
0.932864	0.74261
-0.945136	-0.0235339
-0.855838	-0.0454854
0.769876	0.461768
1.11892	-0.0700825
0.747661	0.463259
-1.35005	0.414106
0.0167265	-1.13494
1.05723	0.00810085
-0.289256	-0.905088
-1.48813	0.528581
0.993354	-0.748776
0.969249	-0.273132
-0.44762	-0.860642
-0.448557	-0.0878447
-0.533159	-0.286851
0.869755	0.139962
-0.90856	-0.254435
0.375731	-0.88355
-0.407112	-0.666776
0.0556235	0.612272
0.829673	-0.576495
-0.870797	-0.598112
-0.705022	0.7971
-0.679807	-0.15322
-0.324819	-1.11977
-0.722645	0.55247
-0.940569	0.233653
-1.30953	0.444765
0.0317841	-1.03702
-0.641948	0.0520942
-1.21428	-0.314599
-0.994597	-0.242144
0.805394	0.175673
0.752291	-0.356262
0.386548	-0.557248
0.874614	-0.325988
-0.812265	-0.30321
-0.27496	-0.96012
0.705757	0.154268
0.326825	0.767224
0.946339	-0.496133
0.577172	0.671935
-0.480384	-0.284541
-0.778341	-0.595937
-0.585284	0.855918
0.673257	-0.163915
1.02534	0.736868
0.892808	0.388306
1.05737	0.277648
0.136946	-0.897706
0.0766824	-0.375097
-1.09954	0.0946005
0.238682	-1.1249
0.633673	0.377213
0.565253	-0.621378
-1.55788	-0.0906229
0.626885	0.787704
-0.19844	0.884035
-0.201985	-1.15813
-0.95193	0.565294
-0.727685	-0.235173
-0.190986	-0.276096
0.0909242	-1.00633
0.396349	1.15
-0.240777	1.19226
-0.204532	-0.867403
1.18041	0.0421962
-0.822079	-0.618231
-0.414007	-0.74083
1.12357	0.343806
0.549479	0.117517
1.09065	-0.670205
-0.463529	-0.320663
0.839556	0.0766469
-0.114175	0.476016
1.09905	-0.537416
-0.111594	-0.0875175
0.653712	0.846043
-0.165667	0.249624
0.873464	0.00961379
1.0029	-0.00885942
0.780052	-0.453272
-0.700265	-0.891808
-0.121932	1.11157
-0.425027	-0.735033
0.748904	0.412165
-0.342125	-0.583001
-0.973	-0.483486
1.04073	-0.59804
-0.815202	0.94983
-0.855589	-0.533626
-0.12041	1.37881
-1.34884	-0.728021
-1.03341	0.201282
-0.604368	0.823278
-0.467975	0.867866
0.714191	-0.300795
0.22237	-1.46574
0.216781	-1.45046
-0.249633	0.679625
1.08305	0.0767274
1.54142	-0.00519189
0.133937	-1.07628
0.463546	0.980666
-0.485212	1.18741
-0.23925	0.854564
-1.10495	0.710636
-0.832662	-1.08571
0.592677	-0.572833
0.373918	0.852196
0.373571	1.03283
-0.926923	-0.0462577
-1.04923	-0.502678
-0.046663	1.02027
-0.250129	0.694797
-0.39043	1.05002
-1.10817	-0.168139
1.11155	-0.613446
1.09064	0.344859
-0.356807	-0.286868
-0.10724	1.01597
-0.931343	-0.151943
